14565466
83199036
63642692
86100263
64753627
65507586
32562948
2438645
20203946
1784567
83740242
66833576
91633076
58439151
77460273
73120661
540304
54852148
75100795
54146970
27147414
35725214
24862790
895055
55341090
20514749
69921959
83052064
77028138
8118511
57292434
82484212
18470249
26746650
82005843
55755370
14745588
84806781
84673259
85331748
77789450
12088370
86505881
85041126
49031103
46910462
37694764
21757756
58189622
88988138
44002058
42194004
84316624
68131445
22560232
85271557
23295364
75654661
88058018
89085242
10354029
30946282
72990065
42232
96175
13930932
14592936
61496358
98459481
79145470
84582943
71520389
46684228
39060680
3312260
50490688
255413
53963427
16787903
79933454
48813764
57498534
99747126
29512804
47141158
23163096
54773365
14182792
12861409
85617272
86012115
82811604
35793671
35355421
96786335
24983983
83149018
11438843
52851312
19250279
15625712
16349516
9293587
386159
82575238
3947960
25967997
32107229
11685972
84801315
15810604
35784601
3962614
36620146
15341482
55455218
59367039
30947268
52697939
19588057
21678357
27344198
32699618
42830659
25403510
34423394
57657147
94279392
49280138
29961299
9550857
84017957
33427962
81246753
7420797
97805953
50940872
3812604
12885940
81085306
18569940
62035485
11031403
67983028
79860336
9170575
55383902
2511367
7893504
650588
42098032
29564531
34225741
77916500
7063530
34286147
78783597
58985889
25707919
35121221
99762180
64506722
22176741
83267220
1928550
42991520
56884799
18589471
28697327
54616819
72188633
94121374
50761985
20789994
2468490
22307905
74514828
55456041
88182820
82499820
73272604
44994017
82851907
60993348
16585041
34669445
47167090
15187041
53625786
48602623
51485292
70727362
5628879
66208758
18343895
29638413
29009961
26962099
72789373
28225383
90645137
41351824
11983508
94637943
15252237
72825096
6177950
10211529
94139820
47506778
95131741
96376348
19655677
85487414
72163934
64971772
31776412
84265456
73947221
47163332
93170062
67798800
45948883
87121471
10376209
22188768
2596137
60580523
4446738
7921417
48772948
56781969
64507447
38490147
44765343
43276217
9508050
85609470
33567188
70820411
66940513
27142830
82195744
80953375
71771490
61284602
87332902
68998686
32457952
56661470
16522366
12688601
80129917
98540870
59656359
16380700
748310
41250537
6736108
13941192
7380524
47349209
77466593
83434026
76712443
73879073
26385021
99118571
39212168
70894248
1379531
72163587
60975445
75243268
6067951
53143847
34236743
91069640
53038721
85663264
11589249
87325227
40302789
59400434
5089774
24463963
65601003
83480890
42347545
23340421
52825888
14775151
23666350
96528831
7237045
47636004
2342947
83739238
99085638
49384701
18333142
99151045
19797573
58541138
20176784
57162143
79032239
39968254
64234314
2157434
98973894
6806186
25580177
2468829
79050122
51919708
43266699
23188077
12943511
7838947
47003954
53491939
26323934
56763379
31851324
54845571
44105482
41093330
28819245
80384421
38530534
90801367
36127107
75682022
68610330
60376526
96441064
76862153
30487050
40990896
65861910
76652170
52890320
80408681
77748266
62309630
39365500
45171747
91606729
1457468
56993502
57155315
61788406
98256498
78260263
75462970
59056163
35601090
51156139
23672194
70130740
37358927
25721567
74066366
39709628
58398957
59600913
39540542
95408663
41791834
74515410
36299636
38587047
70390393
46141050
82632340
58837319
75928176
26547046
35454766
98592962
66998706
22773928
38278484
99523567
73253489
20555022
28901010
8989152
371090
39331753
53527527
97315640
41423866
70256475
45307450
32940470
49599497
10253913
24837472
29540985
61970949
15279996
57282587
26100321
56379769
56813260
61552637
36603872
30575742
24935798
36748267
17523823
95712193
89490860
1578773
29318107
22210743
70390958
45830702
98214022
43188397
13483020
50935707
50686165
83352125
30794143
65728328
4496604
78025285
62063527
25039621
84522947
92507475
46848927
36549617
72435820
73942960
29004355
71501423
39182668
79523096
16889359
21886832
60084872
85478114
24307474
38418815
73395073
57623171
53819281
43506305
52559026
94951839
23739993
3838123
29867671
17879207
98185894
78633154
15536552
40849374
81850642
94532495
2430362
51458030
35809083
82431384
74266945
45175306
29052133
91855839
41763196
43653784
61752885
41133290
80929344
74705303
14440652
79607635
96619457
63264837
53758965
35045857
87182390
2890495
20761047
61911378
70105941
67398732
54745683
79824371
63782893
54027013
74479498
53941690
6508833
88442030
22749930
24343884
