76491993
49374097
98070065
60188689
23560145
94032461
3639025
48691051
88794958
49712000
80281099
37307549
57037776
8065175
30542336
28022362
54744567
12218704
35050220
79971460
18513572
28734627
49085722
46406405
46077246
20842986
23287793
41954387
9251439
83298275
97117478
94527331
88893494
93308797
96158897
3294657
89748972
55793143
93734792
83322797
76546935
40863569
75010563
94698576
15113705
33417563
15214230
81863784
23353157
41258592
89277678
60050835
81938421
95581000
69431368
61683387
38559204
76169031
29209526
69119138
19165903
41665091
30563265
20430644
63851415
96952580
84435451
38378626
72642522
87075875
44905236
74257501
33354453
96549322
12634116
55705749
43497588
88107457
53499531
94673588
8631609
39450526
41341816
77989149
20367168
43858653
78933162
32376754
2512371
49849424
56679826
2846094
60189218
59968745
4301076
72399113
98331022
5445101
82755936
19134090
62210306
62994253
27267731
94619246
66231693
56048918
78403516
52495036
47982114
34774411
72620564
78461485
21336984
67770172
70671636
82321024
41632914
17414334
41362952
20477196
16542674
66510950
60352678
1808568
69510146
94873058
7383644
56252160
87159701
56585254
7655989
42417734
26265110
87405333
29253563
96721508
25187218
46560764
38727715
8581595
28997270
63416710
43794469
74112044
12477008
25388813
8725272
93772811
1019319
76981437
78226821
63250390
95360756
78444072
76581408
12052335
74106100
74022689
95388386
31890930
11842811
94148915
3527380
20745467
68739624
84898278
95727803
18906233
81112199
38934186
1253802
98912165
3431425
84728686
87924136
50663179
89037592
69025054
61336629
18020752
29474337
68877327
16240423
82583003
56332669
52096459
62300472
60410079
41822581
30203137
72156516
56541347
30341543
39316749
79683513
30117799
65465410
98594223
84971216
86941955
19747788
32701191
24320385
83958283
21616593
74957609
85807505
64532644
11826484
44976729
96858483
92181895
66143993
92826047
26970528
25663180
27682658
32547960
78017128
45474528
90819558
20457541
63436601
92506867
75077914
77326744
78995084
37687372
69835529
35794669
65257580
97789082
80734322
34098450
17782124
60059972
45047001
85904890
56257452
89097369
29734504
34595781
65755456
48530424
80401539
41558736
95261186
90206748
83397001
25146665
90659988
45456566
11637020
97289579
59709860
88095431
28676747
70725921
88991223
35059495
614618
23306311
9573323
6322783
94230416
54156579
63334786
66521568
57815197
30396464
10643575
31621822
97620832
85864814
66859159
70371048
83513568
5239502
65099428
97260416
45154669
85211937
6384030
53287876
90382415
32915994
23055646
24372791
87121565
4969993
49691108
59432578
89026925
93319194
26490417
78744065
46640391
2385930
46034338
24836521
89524668
88321833
53537417
15449811
37843248
74244100
45491821
17298884
16473642
51362319
98062069
36928833
94239913
43531172
29791780
97141237
80542201
21503536
37410737
47658360
23018169
81890072
9938474
71142038
58229423
85133884
59189997
47668749
3452139
71617129
81979201
46354283
19982046
18099902
36506273
55575949
94756001
30791175
24215343
35510690
85844331
90683216
52449297
86851594
81292709
62425058
63135898
58920558
76638112
1557540
27474516
24289871
98532255
42957761
81117857
36554821
68530581
16032944
27729849
38644310
98258625
74531751
907859
99044766
60080536
85857577
16167216
84161215
98797906
82414365
26954626
54242834
6351603
42325416
94018532
37385432
92891567
69747094
23319808
15699278
16024329
40222121
45251681
76893095
45521295
92829330
8353452
93761
84004249
81056790
62666467
3360013
53826338
92576243
51675150
30973222
16875538
25201932
48121279
40961265
87305420
8370017
49421848
72982230
69558374
40013515
81954091
65152764
39813570
46136244
69583486
13519600
99581831
37919328
83745989
31599600
5410807
17495963
68430398
57065105
65249031
27912703
67647114
5249578
47640907
43868563
34690081
96791406
90279092
38700566
39987419
2539970
95215682
28487611
63361990
20671760
35890649
43303295
75377275
35191358
13872927
6627243
1673920
6643001
1783667
66581780
60196938
63182812
91521266
57000992
80036552
61308912
35252246
47198263
93231672
44682011
58616766
18473523
29783601
25796108
7850138
38763108
96277438
54959331
23651513
59016054
15043957
73663808
54818124
68705527
29143776
13440159
37041250
13908059
49813635
94476723
4652798
46058603
86476177
4966031
59583936
87226782
18219846
97166892
12020011
38929670
67384404
82223556
66842029
20516833
68949081
53789164
87331448
38051485
94722832
54329547
76088500
87543615
37993321
49440889
